DATASET_NAME: dataset.train.csv
ENSEMBLE: RF
NB_TREES: 32
NB_FEATURES: 6
NB_CLASSES: 4
MAX_TREE_DEPTH: 3
Format: node / node type (LN - leaf node, IN - internal node) left child / right child / feature / threshold / node_depth / majority class (starts with index 0)

[TREE 1]
NB_NODES: 9
0 IN 1 2 5 1.5 0 -1
1 LN -1 -1 -1 -1 1 0
2 IN 3 6 4 1.5 1 -1
3 IN 4 5 1 2.5 2 -1
4 LN -1 -1 -1 -1 3 0
5 LN -1 -1 -1 -1 3 0
6 IN 7 8 1 2.5 2 -1
7 LN -1 -1 -1 -1 3 2
8 LN -1 -1 -1 -1 3 0

[TREE 2]
NB_NODES: 13
0 IN 1 8 0 2.5 0 -1
1 IN 2 5 4 1.5 1 -1
2 IN 3 4 3 3.0 2 -1
3 LN -1 -1 -1 -1 3 0
4 LN -1 -1 -1 -1 3 0
5 IN 6 7 1 2.5 2 -1
6 LN -1 -1 -1 -1 3 0
7 LN -1 -1 -1 -1 3 0
8 IN 9 10 5 1.5 1 -1
9 LN -1 -1 -1 -1 2 0
10 IN 11 12 1 3.5 2 -1
11 LN -1 -1 -1 -1 3 0
12 LN -1 -1 -1 -1 3 0

[TREE 3]
NB_NODES: 9
0 IN 1 2 3 3.0 0 -1
1 LN -1 -1 -1 -1 1 0
2 IN 3 6 1 2.5 1 -1
3 IN 4 5 3 5.0 2 -1
4 LN -1 -1 -1 -1 3 0
5 LN -1 -1 -1 -1 3 0
6 IN 7 8 0 3.5 2 -1
7 LN -1 -1 -1 -1 3 0
8 LN -1 -1 -1 -1 3 0

[TREE 4]
NB_NODES: 11
0 IN 1 6 1 2.5 0 -1
1 IN 2 3 5 1.5 1 -1
2 LN -1 -1 -1 -1 2 0
3 IN 4 5 0 2.5 2 -1
4 LN -1 -1 -1 -1 3 0
5 LN -1 -1 -1 -1 3 0
6 IN 7 8 5 1.5 1 -1
7 LN -1 -1 -1 -1 2 0
8 IN 9 10 3 3.0 2 -1
9 LN -1 -1 -1 -1 3 0
10 LN -1 -1 -1 -1 3 0

[TREE 5]
NB_NODES: 7
0 IN 1 2 5 1.5 0 -1
1 LN -1 -1 -1 -1 1 0
2 IN 3 4 3 3.0 1 -1
3 LN -1 -1 -1 -1 2 0
4 IN 5 6 1 2.5 2 -1
5 LN -1 -1 -1 -1 3 2
6 LN -1 -1 -1 -1 3 0

[TREE 6]
NB_NODES: 9
0 IN 1 2 3 3.0 0 -1
1 LN -1 -1 -1 -1 1 0
2 IN 3 6 0 2.5 1 -1
3 IN 4 5 4 1.5 2 -1
4 LN -1 -1 -1 -1 3 0
5 LN -1 -1 -1 -1 3 0
6 IN 7 8 5 1.5 2 -1
7 LN -1 -1 -1 -1 3 0
8 LN -1 -1 -1 -1 3 0

[TREE 7]
NB_NODES: 13
0 IN 1 6 1 2.5 0 -1
1 IN 2 3 3 3.0 1 -1
2 LN -1 -1 -1 -1 2 0
3 IN 4 5 5 1.5 2 -1
4 LN -1 -1 -1 -1 3 0
5 LN -1 -1 -1 -1 3 2
6 IN 7 10 2 4.5 1 -1
7 IN 8 9 5 1.5 2 -1
8 LN -1 -1 -1 -1 3 0
9 LN -1 -1 -1 -1 3 0
10 IN 11 12 0 3.5 2 -1
11 LN -1 -1 -1 -1 3 0
12 LN -1 -1 -1 -1 3 0

[TREE 8]
NB_NODES: 7
0 IN 1 2 3 3.0 0 -1
1 LN -1 -1 -1 -1 1 0
2 IN 3 4 5 1.5 1 -1
3 LN -1 -1 -1 -1 2 0
4 IN 5 6 0 2.5 2 -1
5 LN -1 -1 -1 -1 3 2
6 LN -1 -1 -1 -1 3 0

[TREE 9]
NB_NODES: 11
0 IN 1 6 0 2.5 0 -1
1 IN 2 3 5 1.5 1 -1
2 LN -1 -1 -1 -1 2 0
3 IN 4 5 3 3.0 2 -1
4 LN -1 -1 -1 -1 3 0
5 LN -1 -1 -1 -1 3 2
6 IN 7 10 1 3.5 1 -1
7 IN 8 9 5 1.5 2 -1
8 LN -1 -1 -1 -1 3 0
9 LN -1 -1 -1 -1 3 0
10 LN -1 -1 -1 -1 2 0

[TREE 10]
NB_NODES: 13
0 IN 1 8 0 2.5 0 -1
1 IN 2 5 0 1.5 1 -1
2 IN 3 4 5 1.5 2 -1
3 LN -1 -1 -1 -1 3 0
4 LN -1 -1 -1 -1 3 0
5 IN 6 7 2 3.5 2 -1
6 LN -1 -1 -1 -1 3 0
7 LN -1 -1 -1 -1 3 0
8 IN 9 10 5 1.5 1 -1
9 LN -1 -1 -1 -1 2 0
10 IN 11 12 1 3.5 2 -1
11 LN -1 -1 -1 -1 3 0
12 LN -1 -1 -1 -1 3 0

[TREE 11]
NB_NODES: 7
0 IN 1 2 3 3.0 0 -1
1 LN -1 -1 -1 -1 1 0
2 IN 3 4 5 1.5 1 -1
3 LN -1 -1 -1 -1 2 0
4 IN 5 6 4 1.5 2 -1
5 LN -1 -1 -1 -1 3 0
6 LN -1 -1 -1 -1 3 2

[TREE 12]
NB_NODES: 7
0 IN 1 2 5 1.5 0 -1
1 LN -1 -1 -1 -1 1 0
2 IN 3 4 3 3.0 1 -1
3 LN -1 -1 -1 -1 2 0
4 IN 5 6 5 2.5 2 -1
5 LN -1 -1 -1 -1 3 2
6 LN -1 -1 -1 -1 3 2

[TREE 13]
NB_NODES: 15
0 IN 1 8 1 2.5 0 -1
1 IN 2 5 1 1.5 1 -1
2 IN 3 4 0 2.5 2 -1
3 LN -1 -1 -1 -1 3 0
4 LN -1 -1 -1 -1 3 0
5 IN 6 7 4 1.5 2 -1
6 LN -1 -1 -1 -1 3 0
7 LN -1 -1 -1 -1 3 0
8 IN 9 12 4 2.5 1 -1
9 IN 10 11 3 3.0 2 -1
10 LN -1 -1 -1 -1 3 0
11 LN -1 -1 -1 -1 3 0
12 IN 13 14 2 2.5 2 -1
13 LN -1 -1 -1 -1 3 0
14 LN -1 -1 -1 -1 3 0

[TREE 14]
NB_NODES: 9
0 IN 1 2 5 1.5 0 -1
1 LN -1 -1 -1 -1 1 0
2 IN 3 6 5 2.5 1 -1
3 IN 4 5 3 3.0 2 -1
4 LN -1 -1 -1 -1 3 0
5 LN -1 -1 -1 -1 3 2
6 IN 7 8 1 2.5 2 -1
7 LN -1 -1 -1 -1 3 0
8 LN -1 -1 -1 -1 3 0

[TREE 15]
NB_NODES: 9
0 IN 1 2 5 1.5 0 -1
1 LN -1 -1 -1 -1 1 0
2 IN 3 6 1 2.5 1 -1
3 IN 4 5 3 3.0 2 -1
4 LN -1 -1 -1 -1 3 0
5 LN -1 -1 -1 -1 3 2
6 IN 7 8 1 3.5 2 -1
7 LN -1 -1 -1 -1 3 0
8 LN -1 -1 -1 -1 3 0

[TREE 16]
NB_NODES: 9
0 IN 1 2 3 3.0 0 -1
1 LN -1 -1 -1 -1 1 0
2 IN 3 6 1 2.5 1 -1
3 IN 4 5 4 1.5 2 -1
4 LN -1 -1 -1 -1 3 0
5 LN -1 -1 -1 -1 3 0
6 IN 7 8 0 3.5 2 -1
7 LN -1 -1 -1 -1 3 0
8 LN -1 -1 -1 -1 3 0

[TREE 17]
NB_NODES: 13
0 IN 1 8 1 2.5 0 -1
1 IN 2 5 0 2.5 1 -1
2 IN 3 4 3 3.0 2 -1
3 LN -1 -1 -1 -1 3 0
4 LN -1 -1 -1 -1 3 0
5 IN 6 7 0 3.5 2 -1
6 LN -1 -1 -1 -1 3 0
7 LN -1 -1 -1 -1 3 0
8 IN 9 10 3 3.0 1 -1
9 LN -1 -1 -1 -1 2 0
10 IN 11 12 5 1.5 2 -1
11 LN -1 -1 -1 -1 3 0
12 LN -1 -1 -1 -1 3 2

[TREE 18]
NB_NODES: 7
0 IN 1 2 5 1.5 0 -1
1 LN -1 -1 -1 -1 1 0
2 IN 3 4 3 3.0 1 -1
3 LN -1 -1 -1 -1 2 0
4 IN 5 6 4 1.5 2 -1
5 LN -1 -1 -1 -1 3 0
6 LN -1 -1 -1 -1 3 2

[TREE 19]
NB_NODES: 7
0 IN 1 2 3 3.0 0 -1
1 LN -1 -1 -1 -1 1 0
2 IN 3 4 5 1.5 1 -1
3 LN -1 -1 -1 -1 2 0
4 IN 5 6 4 2.5 2 -1
5 LN -1 -1 -1 -1 3 2
6 LN -1 -1 -1 -1 3 2

[TREE 20]
NB_NODES: 7
0 IN 1 2 5 1.5 0 -1
1 LN -1 -1 -1 -1 1 0
2 IN 3 4 3 3.0 1 -1
3 LN -1 -1 -1 -1 2 0
4 IN 5 6 1 2.5 2 -1
5 LN -1 -1 -1 -1 3 2
6 LN -1 -1 -1 -1 3 2

[TREE 21]
NB_NODES: 11
0 IN 1 6 0 2.5 0 -1
1 IN 2 3 3 3.0 1 -1
2 LN -1 -1 -1 -1 2 0
3 IN 4 5 4 1.5 2 -1
4 LN -1 -1 -1 -1 3 0
5 LN -1 -1 -1 -1 3 2
6 IN 7 10 1 3.5 1 -1
7 IN 8 9 4 1.5 2 -1
8 LN -1 -1 -1 -1 3 0
9 LN -1 -1 -1 -1 3 0
10 LN -1 -1 -1 -1 2 0

[TREE 22]
NB_NODES: 9
0 IN 1 2 3 3.0 0 -1
1 LN -1 -1 -1 -1 1 0
2 IN 3 6 4 1.5 1 -1
3 IN 4 5 5 1.5 2 -1
4 LN -1 -1 -1 -1 3 0
5 LN -1 -1 -1 -1 3 0
6 IN 7 8 0 2.5 2 -1
7 LN -1 -1 -1 -1 3 0
8 LN -1 -1 -1 -1 3 0

[TREE 23]
NB_NODES: 9
0 IN 1 2 3 3.0 0 -1
1 LN -1 -1 -1 -1 1 0
2 IN 3 6 2 2.5 1 -1
3 IN 4 5 5 1.5 2 -1
4 LN -1 -1 -1 -1 3 0
5 LN -1 -1 -1 -1 3 0
6 IN 7 8 1 2.5 2 -1
7 LN -1 -1 -1 -1 3 0
8 LN -1 -1 -1 -1 3 0

[TREE 24]
NB_NODES: 7
0 IN 1 2 5 1.5 0 -1
1 LN -1 -1 -1 -1 1 0
2 IN 3 4 3 3.0 1 -1
3 LN -1 -1 -1 -1 2 0
4 IN 5 6 0 2.5 2 -1
5 LN -1 -1 -1 -1 3 2
6 LN -1 -1 -1 -1 3 2

[TREE 25]
NB_NODES: 9
0 IN 1 2 5 1.5 0 -1
1 LN -1 -1 -1 -1 1 0
2 IN 3 6 1 2.5 1 -1
3 IN 4 5 1 1.5 2 -1
4 LN -1 -1 -1 -1 3 0
5 LN -1 -1 -1 -1 3 2
6 IN 7 8 5 2.5 2 -1
7 LN -1 -1 -1 -1 3 0
8 LN -1 -1 -1 -1 3 0

[TREE 26]
NB_NODES: 11
0 IN 1 6 0 2.5 0 -1
1 IN 2 3 5 1.5 1 -1
2 LN -1 -1 -1 -1 2 0
3 IN 4 5 3 3.0 2 -1
4 LN -1 -1 -1 -1 3 0
5 LN -1 -1 -1 -1 3 2
6 IN 7 8 3 3.0 1 -1
7 LN -1 -1 -1 -1 2 0
8 IN 9 10 1 3.5 2 -1
9 LN -1 -1 -1 -1 3 0
10 LN -1 -1 -1 -1 3 0

[TREE 27]
NB_NODES: 7
0 IN 1 2 5 1.5 0 -1
1 LN -1 -1 -1 -1 1 0
2 IN 3 4 3 3.0 1 -1
3 LN -1 -1 -1 -1 2 0
4 IN 5 6 1 2.5 2 -1
5 LN -1 -1 -1 -1 3 2
6 LN -1 -1 -1 -1 3 2

[TREE 28]
NB_NODES: 9
0 IN 1 2 5 1.5 0 -1
1 LN -1 -1 -1 -1 1 0
2 IN 3 6 0 2.5 1 -1
3 IN 4 5 3 3.0 2 -1
4 LN -1 -1 -1 -1 3 0
5 LN -1 -1 -1 -1 3 2
6 IN 7 8 1 3.5 2 -1
7 LN -1 -1 -1 -1 3 0
8 LN -1 -1 -1 -1 3 0

[TREE 29]
NB_NODES: 13
0 IN 1 8 4 1.5 0 -1
1 IN 2 5 1 2.5 1 -1
2 IN 3 4 5 1.5 2 -1
3 LN -1 -1 -1 -1 3 0
4 LN -1 -1 -1 -1 3 0
5 IN 6 7 5 2.5 2 -1
6 LN -1 -1 -1 -1 3 0
7 LN -1 -1 -1 -1 3 0
8 IN 9 10 5 1.5 1 -1
9 LN -1 -1 -1 -1 2 0
10 IN 11 12 0 2.5 2 -1
11 LN -1 -1 -1 -1 3 0
12 LN -1 -1 -1 -1 3 0

[TREE 30]
NB_NODES: 15
0 IN 1 8 0 2.5 0 -1
1 IN 2 5 1 2.5 1 -1
2 IN 3 4 4 1.5 2 -1
3 LN -1 -1 -1 -1 3 0
4 LN -1 -1 -1 -1 3 0
5 IN 6 7 4 1.5 2 -1
6 LN -1 -1 -1 -1 3 0
7 LN -1 -1 -1 -1 3 0
8 IN 9 12 2 4.5 1 -1
9 IN 10 11 5 1.5 2 -1
10 LN -1 -1 -1 -1 3 0
11 LN -1 -1 -1 -1 3 0
12 IN 13 14 1 3.5 2 -1
13 LN -1 -1 -1 -1 3 0
14 LN -1 -1 -1 -1 3 0

[TREE 31]
NB_NODES: 9
0 IN 1 2 3 3.0 0 -1
1 LN -1 -1 -1 -1 1 0
2 IN 3 6 0 2.5 1 -1
3 IN 4 5 5 1.5 2 -1
4 LN -1 -1 -1 -1 3 0
5 LN -1 -1 -1 -1 3 2
6 IN 7 8 4 1.5 2 -1
7 LN -1 -1 -1 -1 3 0
8 LN -1 -1 -1 -1 3 0

[TREE 32]
NB_NODES: 11
0 IN 1 6 1 2.5 0 -1
1 IN 2 3 5 1.5 1 -1
2 LN -1 -1 -1 -1 2 0
3 IN 4 5 3 3.0 2 -1
4 LN -1 -1 -1 -1 3 0
5 LN -1 -1 -1 -1 3 2
6 IN 7 10 0 3.5 1 -1
7 IN 8 9 5 1.5 2 -1
8 LN -1 -1 -1 -1 3 0
9 LN -1 -1 -1 -1 3 0
10 LN -1 -1 -1 -1 2 0
